  100  100
  6  12  6  4  20  15  3  8  6  9  9  14  17  15  7  5  12  1  11  6  18  7  18  18  5  9  2  7  1  1  10  3  2  12  4  10  16  10  5  9  5  12  20  1  20  8  1  2  12  13  9  17  5  1  3  13  3  6  8  14  16  8  2  8  20  15  13  7  11  7  9  11  3  1  8  3  1  2  2  12  9  3  18  2  2  14  3  10  18  2  3  1  19  8  16  12  9  7  13  19
  2
  11  77
  2
  8  81
  2
  24  88
  2
  87  97
  2
  42  91
  2
  6  48
  2
  55  80
  2
  29  50
  2
  53  74
  2
  47  60
  2
  36  56
  2
  5  79
  2
  66  86
  2
  7  37
  2
  28  74
  2
  51  52
  2
  76  90
  2
  8  75
  2
  23  25
  2
  55  76
  2
  31  44
  2
  67  82
  2
  4  61
  2
  40  44
  2
  49  77
  2
  26  35
  2
  51  54
  2
  31  55
  2
  3  63
  2
  6  82
  2
  51  92
  2
  82  83
  2
  20  96
  2
  16  65
  2
  31  94
  2
  17  32
  2
  33  73
  2
  30  53
  2
  58  89
  2
  14  20
  2
  53  66
  2
  24  73
  2
  26  78
  2
  73  80
  2
  30  67
  2
  13  17
  2
  4  30
  2
  58  81
  2
  63  88
  2
  11  12
  2
  31  94
  2
  9  23
  2
  55  79
  2
  57  64
  2
  23  29
  2
  43  59
  2
  12  65
  2
  63  74
  2
  2  21
  2
  22  54
  2
  56  97
  2
  9  61
  2
  64  70
  2
  46  69
  2
  7  85
  2
  47  71
  2
  90  96
  2
  25  84
  2
  24  77
  2
  14  26
  2
  11  89
  2
  32  65
  2
  9  61
  2
  13  48
  2
  32  72
  2
  27  67
  2
  43  70
  2
  1  29
  2
  26  69
  2
  48  83
  2
  68  87
  2
  14  66
  2
  13  84
  2
  4  27
  2
  14  89
  2
  81  85
  2
  38  91
  2
  26  73
  2
  7  36
  2
  63  67
  2
  84  99
  2
  3  50
  2
  19  73
  2
  83  87
  2
  20  42
  2
  42  47
  2
  54  93
  2
  4  80
  2
  17  66
  2
  3  29
