  100  100
  11  10  18  8  19  8  20  4  14  3  6  5  17  1  3  14  1  18  4  7  8  13  2  9  14  20  2  8  10  4  20  9  11  1  15  12  11  2  2  11  2  15  18  4  6  1  4  6  17  11  17  6  18  11  2  3  5  7  18  16  7  19  10  13  17  1  9  16  12  10  11  4  20  14  5  9  18  13  11  18  14  13  20  7  5  8  19  5  19  9  7  19  9  16  7  14  16  8  13  6
  2
  51  57
  4
  10  15  25  84
  4
  37  87  88  90
  3
  25  45  82
  4
  43  56  67  96
  3
  27  48  80
  2
  13  50
  2
  2  63
  4
  2  23  29  48
  3
  3  47  97
  3
  40  86  93
  3
  31  36  50
  2
  20  28
  3
  21  72  73
  4
  1  19  20  76
  2
  58  95
  3
  2  11  48
  3
  28  46  99
  2
  34  58
  4
  12  34  88  100
  3
  19  66  73
  2
  45  83
  2
  16  29
  4
  12  14  54  84
  3
  2  5  11
  4
  16  82  85  86
  2
  48  52
  3
  2  8  74
  3
  13  45  55
  3
  4  19  71
  2
  57  100
  2
  8  16
  4
  3  32  60  62
  2
  47  49
  2
  28  46
  2
  30  93
  2
  66  80
  3
  3  9  44
  4
  27  38  53  94
  2
  5  21
  4
  7  15  27  65
  2
  64  72
  4
  31  49  52  83
  3
  40  41  54
  3
  33  78  94
  2
  1  71
  4
  24  52  77  96
  3
  3  26  73
  2
  79  90
  2
  4  79
  3
  21  24  26
  4
  5  20  38  90
  2
  47  58
  3
  22  57  75
  4
  45  68  82  87
  3
  26  28  35
  3
  29  48  71
  3
  59  65  99
  3
  21  22  27
  3
  9  43  75
  2
  15  90
  3
  39  56  88
  3
  15  44  80
  2
  22  52
  3
  28  75  94
  4
  17  30  31  67
  2
  16  57
  4
  19  30  50  97
  3
  2  16  28
  4
  5  10  90  91
  2
  48  93
  4
  6  16  61  81
  3
  26  60  90
  2
  46  89
  2
  68  92
  3
  60  67  76
  4
  20  26  34  92
  2
  41  48
  3
  35  39  86
  3
  46  92  97
  4
  6  17  37  86
  4
  2  27  61  87
  3
  21  29  70
  3
  18  45  97
  4
  9  36  46  93
  2
  26  85
  2
  40  57
  3
  25  92  93
  2
  19  99
  3
  31  78  100
  4
  15  52  59  71
  4
  36  47  83  94
  2
  7  87
  3
  19  24  60
  3
  32  45  74
  3
  21  31  78
  2
  12  24
  3
  5  6  73
  4
  15  22  47  65
  3
  9  28  41
