  200  200
  19  13  14  19  13  20  5  20  9  5  11  18  15  17  11  7  13  15  5  1  18  19  16  16  3  4  13  16  8  16  8  3  19  11  3  20  20  14  7  5  5  8  16  8  2  4  2  20  4  2  20  17  6  1  11  5  6  7  12  7  18  7  15  11  9  20  12  17  6  18  12  7  1  17  4  12  7  14  16  20  15  7  16  1  1  17  17  4  6  10  9  6  8  11  2  19  19  12  5  14  10  6  3  16  14  5  2  9  8  8  1  10  14  18  5  11  8  5  4  20  2  10  3  3  1  8  8  19  1  2  9  4  8  7  7  3  11  20  11  13  11  15  11  20  5  20  15  11  5  7  1  3  13  18  12  3  7  6  18  9  15  5  3  7  20  19  17  19  17  6  8  12  13  4  17  14  15  8  8  6  6  4  15  9  7  9  18  14  10  8  2  20  6  9  19  20  15  7  19  19
  6
  10  16  30  42  72  167
  4
  20  83  121  188
  6
  41  63  85  131  175  187
  3
  65  113  119
  8
  27  40  60  75  85  89  103  132
  4
  28  89  115  191
  6
  7  14  57  114  136  153
  6
  17  56  61  62  63  155
  6
  10  47  80  128  141  171
  2
  114  126
  3
  112  154  156
  8
  44  52  107  127  143  167  169  197
  2
  13  21
  2
  9  82
  5
  14  17  42  162  181
  7
  43  74  79  94  108  122  154
  5
  14  148  153  168  184
  7
  49  75  91  143  153  167  185
  3
  90  99  113
  3
  46  71  190
  3
  1  195  200
  6
  52  72  89  153  174  177
  8
  28  30  32  64  76  111  125  131
  2
  74  160
  3
  40  54  152
  5
  10  92  114  129  198
  8
  20  49  63  64  65  125  138  169
  7
  21  34  45  130  133  138  185
  4
  54  89  119  128
  5
  37  81  90  162  185
  5
  16  83  135  138  190
  8
  6  16  17  46  48  54  118  192
  4
  44  51  139  165
  4
  5  36  105  130
  2
  109  186
  5
  96  99  156  157  174
  7
  4  57  85  100  154  183  189
  6
  9  108  131  161  178  188
  8
  14  22  31  117  126  136  184  196
  6
  19  24  166  176  178  188
  4
  22  81  113  137
  3
  64  165  182
  2
  17  134
  5
  23  49  68  100  186
  3
  32  115  132
  3
  64  124  130
  3
  147  182  190
  2
  6  75
  2
  162  163
  5
  14  40  50  104  151
  3
  3  49  50
  5
  24  42  124  145  161
  8
  3  8  85  120  124  175  177  197
  2
  81  199
  4
  14  18  40  189
  7
  4  26  49  60  93  117  142
  2
  53  117
  7
  23  29  41  46  91  183  184
  3
  9  113  181
  8
  12  25  49  63  115  149  161  167
  8
  29  41  56  90  133  159  184  197
  2
  37  61
  7
  38  85  131  137  143  145  198
  8
  16  20  24  27  40  98  147  165
  4
  14  33  93  170
  2
  8  34
  3
  31  64  171
  3
  109  173  195
  3
  36  75  88
  6
  2  111  120  142  153  186
  5
  7  21  45  72  114
  2
  124  161
  2
  167  168
  8
  66  70  78  105  115  137  160  176
  3
  52  126  180
  6
  23  36  65  76  114  117
  7
  21  77  92  111  136  140  178
  7
  23  53  60  62  65  66  111
  3
  44  50  59
  3
  70  73  166
  7
  21  34  99  129  157  171  172
  7
  51  70  84  89  147  151  152
  8
  3  38  40  46  100  134  140  186
  8
  7  28  30  35  42  104  179  192
  8
  12  20  52  67  71  136  190  193
  5
  60  160  180  190  198
  5
  24  41  95  178  189
  2
  16  67
  6
  9  13  22  55  88  159
  4
  24  29  86  197
  3
  78  122  139
  7
  51  71  93  101  120  152  160
  8
  61  81  88  93  139  164  165  167
  8
  8  20  136  144  152  153  175  192
  3
  1  148  149
  4
  90  150  176  193
  7
  29  61  78  99  103  108  142
  6
  5  32  73  110  194  200
  7
  29  66  86  105  121  164  182
  6
  34  36  38  40  89  108
  6
  2  38  59  69  147  170
  2
  67  190
  4
  59  94  117  200
  6
  28  59  116  122  172  181
  2
  101  134
  5
  108  118  165  176  180
  3
  10  13  188
  7
  30  101  137  138  148  150  183
  2
  50  136
  4
  2  11  25  191
  6
  48  86  88  142  181  182
  4
  23  39  150  155
  3
  56  129  193
  5
  9  17  19  20  31
  3
  62  84  199
  7
  29  55  66  83  171  173  195
  3
  44  54  74
  4
  70  88  132  151
  3
  32  86  128
  8
  12  48  55  61  71  83  93  94
  3
  168  175  180
  2
  112  182
  3
  83  127  135
  4
  17  124  136  159
  3
  79  85  190
  3
  35  37  165
  6
  28  76  77  154  167  179
  8
  15  19  79  82  92  126  127  132
  4
  69  125  167  176
  2
  20  52
  2
  8  123
  3
  66  92  101
  5
  33  34  39  50  62
  3
  52  68  157
  8
  35  64  78  132  138  156  169  182
  8
  28  33  44  99  147  157  184  194
  5
  117  128  158  170  184
  2
  17  174
  4
  16  69  138  176
  6
  38  45  47  76  80  135
  6
  9  26  83  117  139  170
  8
  32  39  55  79  80  84  101  127
  6
  5  17  32  79  123  130
  7
  15  41  43  72  115  192  194
  2
  99  198
  5
  14  35  138  185  189
  8
  64  66  81  84  107  119  128  182
  8
  10  83  116  141  164  168  194  198
  6
  9  49  78  87  141  173
  8
  21  22  36  65  103  143  170  199
  7
  4  5  16  70  86  192  198
  8
  7  9  26  28  48  65  128  137
  8
  49  56  92  114  119  122  129  148
  6
  7  24  70  100  137  153
  6
  6  30  75  92  93  180
  2
  131  168
  6
  38  41  47  84  96  130
  8
  42  57  58  71  124  156  177  191
  7
  6  18  58  63  92  102  105
  6
  49  75  76  83  120  189
  5
  46  58  66  178  189
  2
  135  146
  5
  24  101  102  121  162
  2
  43  157
  6
  42  49  125  127  128  134
  2
  165  196
  2
  22  179
  7
  7  64  74  95  106  108  184
  7
  19  67  95  97  144  184  200
  7
  6  31  84  89  95  98  158
  6
  74  91  104  116  171  194
  8
  19  23  25  57  113  129  135  165
  5
  1  25  53  166  182
  8
  9  33  42  63  74  75  140  192
  8
  9  11  39  55  85  147  187  197
  6
  40  49  88  147  156  164
  4
  73  90  128  181
  2
  143  190
  7
  2  37  67  76  77  107  155
  2
  150  157
  8
  1  5  24  54  89  126  148  175
  4
  10  20  153  169
  7
  9  14  151  169  170  182  196
  5
  23  31  99  189  197
  4
  43  64  110  194
  5
  7  9  59  132  160
  6
  71  95  122  171  174  182
  6
  12  15  57  82  98  111
  6
  4  30  110  118  152  200
  4
  13  54  92  109
  4
  5  69  131  194
  2
  112  115
  5
  18  42  75  172  173
  2
  42  139
  8
  27  61  63  87  115  135  188  197
  5
  35  83  157  161  185
  6
  5  29  40  63  83  86
  5
  28  67  107  122  154
  5
  25  73  103  116  117
  2
  169  190
