100	50
41.80122630887569	56.67008731325898	75.5847731867281	61.78134813486861	22.851574859697767	56.18757858047869	74.21491032951818	50.73869226044781	65.07978215525885	48.4792757748122	88.5436925524443	56.008767016142684	52.308249225770645	42.17407821728252	43.49946824736321	44.47227221785953	63.85005238240938	82.76277838012781	57.27034292980611	64.75389213150346	36.65177707266275	74.6083539616025	63.746514543602196	73.59125104656844	59.07311081634585	53.73767806287839	47.3810331806099	29.857481125387498	65.02867466619205	33.15340622419198	77.817373355962	79.54912813392808	79.15363576242113	85.49472195552713	58.28598500576748	93.8351178211522	59.736847982691955	52.5858989378094	25.19060460083092	71.83398453462283	65.59047946898785	74.31533226118161	93.40048797827176	55.453104625933285	49.54876753498809	66.87793906868586	75.1950910042825	43.67009154924122	59.534405397179434	66.37906943098955
4
15	27	43	50
6
4	8	19	37	42	49
7
7	23	36	37	40	44	50
2
25	41
7
4	7	11	20	29	33	49
2
14	25
2
19	48
3
32	39	47
6
11	20	29	33	47	49
5
2	7	15	16	22
4
20	22	32	36
5
20	29	32	37	48
5
10	36	40	42	43
7
9	10	21	34	37	41	50
2
26	33
9
2	18	22	25	32	33	34	35	46
2
36	38
5
7	28	29	35	46
4
11	20	29	31
6
8	17	18	22	35	46
7
2	7	9	11	18	35	36
7
1	14	21	22	24	27	32
6
10	29	30	37	43	45
3
16	35	50
5
4	12	13	18	22
1
10
9
3	11	14	20	31	36	40	42	50
7
4	23	26	31	34	38	43
4
3	11	37	47
7
3	12	24	26	33	41	42
7
6	9	10	18	19	32	40
10
7	12	13	14	16	17	25	31	36	48
2
3	26
8
3	10	17	20	27	43	45	49
7
17	21	30	35	40	43	50
7
3	11	15	19	36	40	47
5
6	8	10	21	23
5
8	15	31	43	45
4
7	19	33	38
9
1	7	9	11	18	31	41	44	47
8
6	12	16	17	23	42	45	46
3
9	35	41
7
5	19	23	27	34	36	47
3
9	40	50
10
17	18	24	26	27	32	34	36	46	49
4
1	33	37	43
5
13	20	32	40	42
6
6	12	24	33	39	44
1
27
4
5	7	19	44
3
17	32	44
1
14
6
1	5	14	20	26	47
6
23	31	38	40	41	46
5
5	25	27	33	35
6
9	15	16	18	37	45
9
4	10	13	15	16	24	34	38	39
6
4	12	28	29	38	49
9
8	11	18	32	43	44	45	47	48
4
2	13	32	50
4
4	6	45	46
6
2	28	29	30	34	50
7
2	9	11	22	24	34	38
7
3	4	11	12	13	26	47
4
2	8	19	21
4
18	22	28	43
5
3	19	29	41	48
5
22	32	33	42	43
6
3	22	34	40	41	49
5
6	15	41	46	48
5
7	13	26	32	41
4
8	17	25	41
3
24	33	46
8
9	12	14	23	25	29	42	43
5
2	20	25	36	47
4
3	23	30	35
9
4	7	23	25	31	33	34	38	39
2
17	27
3
11	16	24
5
18	19	23	24	40
4
3	17	43	47
3
21	40	41
3
21	41	43
3
24	36	43
3
9	16	20
3
3	26	50
6
6	18	42	43	46	48
2
32	49
7
11	24	30	31	40	48	50
5
7	13	22	44	49
2
20	36
5
2	9	15	36	47
4
4	21	36	50
8
1	6	20	31	42	43	44	49
3
32	33	34
7
1	6	8	19	28	36	37
2
23	44
6
18	22	33	37	44	46
6
3	25	26	35	42	45
3
4	19	47
