50	50
7.523886121399297	5.094213423423545	12.759381812251199	15.238990298865566	2.965143868071811	9.16590737337525	7.037905858031036	5.033839910162923	5.03665894374833	6.552616838463374	14.30286184190433	2.024697070974456	2.2759463197706085	0.0	3.2529442260821617	14.757894856499355	5.812848218213147	12.869406396834469	11.036839827174097	10.33689909103895	4.983902468775948	0.0	1.8067506793110633	8.049766799614531	0.0	6.920088834852179	3.949164633167435	0.0	18.139050970123762	14.190663843816099	2.8312717528455376	1.005197725605017	11.961129370663146	1.9562449294577575	7.2929196868658455	2.911162505206141	0.0	6.894941305255809	7.289810972653619	7.277468340183272	12.084867337960784	20.97662560384245	8.558102736051676	10.112070199379827	1.791434345568706	21.56301713118889	5.0139121089069745	0.0	7.219169687645305	21.476788737844114
1
50
2
23	47
2
43	44
4
3	10	40	41
1
32
1
8
2
11	46
2
16	17
3
3	16	49
3
2	43	46
3
15	17	35
2
44	46
2
18	21
2
33	50
3
4	6	30
5
4	16	30	46	50
1
50
1
17
3
16	26	29
3
3	36	46
2
2	21
2
27	30
3
7	19	42
0
 
2
13	20
1
45
3
9	10	47
3
3	16	40
4
24	35	38	44
3
11	33	42
4
29	30	33	49
4
8	26	39	50
4
4	18	20	29
2
27	41
3
5	31	42
2
6	9
2
12	19
4
1	7	39	42
3
18	24	29
0
 
3
1	29	41
3
19	41	42
2
34	44
5
6	11	42	46	50
1
21
0
 
1
45
4
11	18	33	43
2
19	50
3
4	20	38
