50	50
64.31466984938882	129.0188719794669	100.9972839853117	99.00795530868986	89.97401900914204	77.20997341808787	126.74879726394413	182.60063969176286	183.15622692146374	96.43317177535548	113.98662867744592	89.302460171594	111.75218102625954	76.96684109354553	111.84209832757074	111.3436990768052	104.31685610793038	126.48619623075946	152.64915901685703	113.08573786796362	89.26214093204578	103.52026218943273	155.69841920086753	74.04568282619204	142.11824833586627	155.77053132499933	149.88500198354902	110.6037447213979	155.59302620820864	66.21938490021022	121.19523702009533	111.54344372587659	216.6002649760936	98.96165733067592	78.96004758121747	105.39754352629556	75.39700129668971	128.5880405671593	82.80330078525591	93.51115297445683	159.5275468991454	60.155506030092674	129.25557608241925	124.86720625063666	147.0274071738043	120.3843342527439	169.19724087944826	58.13277626428527	61.150372885725254	93.37187205924032
11
7	8	9	18	22	28	35	38	40	42	48
10
2	8	13	15	20	24	30	34	42	46
9
4	11	16	17	23	26	30	36	46
11
3	5	6	7	9	11	15	16	28	33	43
9
2	3	14	22	23	36	38	43	49
3
12	29	31
12
9	13	18	19	29	30	31	32	38	41	46	47
17
2	5	7	8	16	18	20	23	25	26	27	29	33	41	44	45	50
7
7	13	23	38	44	47	50
16
2	6	11	17	19	21	23	26	28	29	31	33	34	41	44	47
14
2	9	12	15	20	25	27	32	33	40	43	44	47	50
9
2	9	11	18	19	25	33	36	47
10
3	10	12	16	28	31	37	43	44	47
12
4	8	10	15	16	18	25	27	29	33	39	41
6
8	14	24	33	37	39
7
14	28	33	35	41	47	50
12
3	9	14	17	19	24	25	28	32	33	41	50
10
5	9	17	20	23	29	34	38	43	45
13
2	10	15	18	26	31	36	37	38	42	44	45	47
8
6	13	25	34	35	42	45	47
6
2	4	13	18	37	46
12
7	8	9	12	19	23	27	39	43	45	47	49
11
7	8	13	19	20	23	24	32	36	46	47
8
3	4	7	12	21	25	36	46
14
9	10	17	22	25	28	30	31	33	35	39	41	43	47
7
1	25	29	32	33	38	39
12
5	17	19	24	26	29	31	32	35	36	44	49
7
8	28	32	33	35	40	48
10
4	15	19	22	23	28	29	35	37	40
10
2	3	11	14	16	19	22	25	30	38
9
4	16	18	32	33	38	40	41	45
9
1	5	8	20	22	26	37	38	41
12
5	6	8	10	14	24	31	37	41	43	46	48
13
1	6	11	12	17	21	23	29	31	34	44	45	48
15
1	3	6	7	8	11	16	19	20	22	23	31	32	42	43
12
15	21	23	26	27	38	41	43	45	46	47	50
11
3	4	10	13	19	20	22	27	37	39	40
4
10	29	30	45
12
1	8	9	11	15	19	21	29	32	46	49	50
13
4	7	13	14	20	25	26	27	33	36	46	47	48
8
3	9	13	18	27	31	33	34
12
5	10	21	27	29	34	36	40	45	46	47	49
13
8	9	13	17	24	25	26	27	39	40	41	44	45
8
9	11	14	15	21	29	35	36
8
8	9	16	26	38	39	43	46
7
1	7	13	28	33	39	46
12
9	12	20	21	22	29	33	34	35	38	44	45
12
3	5	8	12	23	27	32	33	34	36	45	50
14
2	4	7	8	11	12	16	18	22	26	27	30	40	44
10
4	7	11	13	18	19	25	26	42	49
