100	100
361.0	469.0	52.0	187.0	399.0	192.0	317.0	452.0	66.0	43.0	326.0	398.0	74.0	530.0	357.0	40.0	465.0	251.0	48.0	295.0	72.0	346.0	340.0	37.0	224.0	246.0	247.0	427.0	16.0	556.0	361.0	331.0	262.0	273.0	337.0	247.0	322.0	128.0	521.0	470.0	608.0	264.0	246.0	199.0	113.0	442.0	273.0	219.0	114.0	389.0	591.0	357.0	24.0	119.0	473.0	23.0	454.0	193.0	199.0	573.0	259.0	29.0	136.0	85.0	516.0	236.0	149.0	363.0	10.0	598.0	438.0	78.0	486.0	179.0	324.0	309.0	334.0	453.0	418.0	154.0	336.0	264.0	278.0	68.0	337.0	160.0	252.0	320.0	488.0	161.0	157.0	481.0	242.0	259.0	53.0	539.0	370.0	180.0	46.0	134.0
17
1	5	14	16	32	33	37	40	41	49	60	70	75	81	86	90	93
33
3	8	11	20	23	26	31	33	35	37	38	41	46	51	52	55	57	58	60	61	65	70	71	73	75	76	79	80	81	86	87	89	98
24
2	5	15	27	30	31	34	35	39	45	46	47	48	51	58	60	65	66	76	81	85	89	94	98
27
8	11	12	15	17	22	23	27	30	36	40	46	49	55	59	60	61	66	68	71	73	81	82	89	92	94	97
22
2	11	14	22	26	27	33	44	50	51	57	61	65	71	78	83	86	88	89	90	93	98
20
7	8	11	17	31	42	47	50	55	57	60	61	66	67	68	71	75	79	88	98
24
1	2	6	8	11	12	14	15	17	23	26	30	35	55	57	59	60	61	70	75	79	89	94	96
25
6	8	12	15	17	30	32	34	36	40	41	42	50	55	57	60	62	63	64	65	70	76	80	82	96
28
1	4	12	17	27	28	30	35	37	39	41	43	46	48	50	51	55	61	63	65	68	70	75	82	88	93	94	97
32
5	7	8	10	14	26	30	31	33	35	37	40	42	43	44	46	47	48	51	53	57	58	68	73	78	79	81	82	86	89	90	97
28
1	2	7	13	17	20	23	27	28	30	33	34	35	39	40	41	46	51	52	55	65	70	73	78	81	85	88	97
25
2	5	8	14	15	17	18	19	28	33	39	42	46	51	52	61	65	70	73	76	78	79	88	94	95
33
1	2	6	7	8	11	14	17	22	23	28	30	33	34	41	43	55	59	60	61	63	67	70	71	73	79	85	87	89	94	95	96	97
29
2	4	8	14	20	22	23	25	28	30	31	36	39	40	41	43	50	51	55	57	59	61	65	67	70	81	86	89	96
29
2	5	8	11	12	18	25	26	32	35	37	40	41	47	52	55	61	64	68	73	78	79	80	83	87	89	92	93	96
25
2	5	7	14	16	20	32	35	41	42	44	46	51	52	55	60	73	74	79	81	84	89	94	96	100
23
2	5	8	14	17	18	21	22	25	33	34	41	43	46	57	68	79	86	87	90	92	97	99
28
1	17	18	20	22	23	26	29	32	39	41	42	43	47	48	50	51	52	54	55	65	71	74	77	82	92	93	96
22
4	5	7	8	12	17	40	46	59	60	61	63	68	70	71	73	75	76	77	81	92	96
19
4	6	8	15	17	22	31	33	41	46	55	57	60	75	77	88	89	96	97
18
5	11	20	21	22	23	26	28	30	31	33	44	70	78	82	83	89	92
28
1	2	8	14	17	22	23	27	28	30	31	32	33	34	41	44	47	48	51	58	66	70	73	76	77	88	89	97
27
1	2	4	6	7	8	12	14	17	28	34	35	38	41	42	43	50	51	65	70	72	78	80	88	94	97	98
24
5	8	14	21	23	25	30	33	36	48	51	56	60	63	68	70	73	76	78	81	85	89	92	100
24
1	6	7	14	17	20	28	30	39	40	42	55	58	60	63	64	66	68	70	71	72	73	96	97
30
7	12	18	20	23	24	27	30	33	36	37	38	43	44	45	46	50	51	57	64	65	70	77	79	81	85	86	90	92	96
25
1	12	16	17	18	22	23	30	34	39	42	46	50	52	60	77	78	79	81	82	87	88	89	90	94
27
2	8	12	14	18	21	32	34	37	38	42	44	47	51	54	60	63	67	70	71	73	74	81	88	91	96	100
24
1	5	6	14	17	22	25	34	41	42	46	52	55	65	68	71	72	73	88	89	91	92	94	98
29
1	5	7	8	14	15	23	25	28	33	36	40	41	50	51	57	58	60	64	65	75	76	79	85	87	88	89	92	97
22
1	8	12	14	15	17	25	31	32	33	36	38	40	51	57	63	68	70	71	76	92	100
29
2	3	11	13	20	23	37	40	41	43	46	52	57	58	59	65	66	72	73	77	78	83	84	85	87	88	89	92	97
25
7	10	11	12	17	20	28	36	37	41	43	46	48	55	65	66	70	71	80	83	92	93	94	96	98
20
1	2	14	22	28	30	35	40	51	60	73	76	78	79	85	88	92	95	96	97
26
1	8	9	11	17	19	23	25	31	34	36	39	50	51	52	54	55	57	70	78	79	83	87	88	89	96
24
2	5	8	12	14	20	26	33	35	40	46	52	55	60	65	73	76	82	83	92	96	97	98	100
19
22	23	33	39	41	45	49	55	57	60	65	67	75	77	79	89	94	96	97
23
2	7	18	19	23	34	40	41	47	50	57	60	61	67	71	72	75	77	80	85	86	88	89
20
3	7	8	13	14	20	28	40	55	60	61	70	71	79	83	85	90	91	92	94
21
1	15	16	17	26	30	32	40	47	50	54	57	59	60	68	71	77	78	81	82	100
20
1	5	8	10	14	17	23	39	43	47	48	50	58	65	68	79	85	87	88	90
27
1	8	12	28	32	35	37	40	52	55	57	58	59	60	70	71	73	78	79	85	86	89	90	91	93	96	97
29
4	5	7	11	12	15	22	23	30	31	32	37	38	41	46	47	48	50	51	55	60	68	73	74	89	90	93	94	96
19
5	11	14	31	32	37	39	41	46	51	54	70	73	77	79	87	90	94	96
24
2	7	11	12	15	17	20	28	32	35	36	40	41	42	51	66	70	71	73	74	79	83	88	92
31
4	5	8	10	12	15	19	23	28	30	31	33	37	41	47	50	52	55	60	63	64	65	68	71	73	75	76	77	78	82	97
23
11	14	15	25	32	35	37	44	47	50	51	57	58	60	61	73	79	82	85	87	88	89	96
18
1	20	30	31	55	57	60	61	65	66	68	69	70	75	82	94	96	100
19
2	4	5	7	8	14	23	30	32	35	39	41	46	51	55	59	60	63	94
31
2	5	7	14	15	22	23	26	28	33	35	41	43	46	47	51	58	60	68	70	72	76	77	78	87	88	92	93	96	97	99
28
7	8	11	14	15	17	20	22	23	26	30	31	32	34	37	44	51	54	57	63	65	71	73	74	75	86	94	96
28
2	5	11	14	17	18	25	30	31	35	37	43	51	52	57	64	65	70	73	74	77	79	81	85	89	92	94	97
27
1	2	8	9	14	17	21	23	27	30	31	32	39	40	46	48	51	55	58	65	66	75	80	89	92	95	98
18
10	12	14	31	33	34	39	40	46	54	57	59	60	70	71	77	81	85
18
2	5	6	15	18	30	40	43	52	54	65	67	68	73	75	77	79	96
16
7	14	27	31	36	43	51	52	55	71	75	78	83	85	90	91
23
4	5	14	20	25	30	34	37	39	41	50	51	55	56	57	58	66	70	71	83	91	92	100
16
2	7	8	23	27	32	39	49	51	57	70	77	78	87	94	96
17
7	11	12	15	27	31	41	42	51	58	61	65	70	78	79	94	100
25
5	12	15	23	30	31	32	33	35	39	42	44	52	60	75	79	81	85	89	90	91	92	94	96	97
18
1	2	17	21	34	42	55	57	58	60	65	73	76	79	85	87	88	98
22
2	5	11	14	17	23	28	31	34	37	39	41	45	47	51	55	59	65	70	82	88	96
28
1	5	6	10	12	24	28	33	35	36	37	39	45	47	51	57	59	61	68	73	83	85	88	92	93	94	96	98
21
1	2	11	14	17	21	25	27	28	30	36	40	51	55	57	59	65	79	88	89	92
25
1	11	14	17	20	27	28	34	39	42	44	48	50	51	52	57	60	61	75	76	78	79	89	91	96
29
4	7	22	23	28	31	32	33	36	37	39	41	42	43	44	47	50	55	57	59	60	65	66	70	71	78	79	80	96
25
8	11	12	14	17	18	22	28	30	33	34	39	40	41	46	51	60	68	83	86	89	90	91	93	96
35
1	2	5	7	12	14	15	22	26	27	28	30	32	34	37	40	42	47	51	52	56	57	58	67	70	76	77	78	79	82	84	89	94	96	98
27
2	8	12	15	17	20	27	28	30	31	33	39	41	43	46	48	50	58	60	63	64	73	78	79	83	96	100
21
1	2	4	6	11	15	17	18	23	27	31	40	41	46	57	61	66	78	81	82	89
28
4	5	7	8	14	17	18	26	27	30	36	39	40	41	43	52	55	71	78	79	84	87	89	92	93	94	97	100
33
1	3	6	13	14	15	22	27	28	30	32	33	36	41	43	44	46	47	52	55	60	61	70	73	75	76	77	79	88	90	92	94	96
28
2	3	8	15	17	23	30	31	34	39	40	41	42	46	49	51	52	55	59	60	65	68	70	73	86	87	88	98
25
1	2	5	7	12	14	15	17	22	30	31	44	57	60	63	75	79	81	83	84	85	87	92	96	98
20
1	2	5	14	18	28	30	31	70	71	72	73	74	77	78	84	85	88	89	97
29
5	7	22	23	27	28	30	31	32	34	36	39	42	45	46	51	59	60	63	65	67	73	85	86	89	92	93	94	97
26
2	4	11	17	25	28	31	33	35	37	41	46	51	52	55	56	58	60	63	75	76	82	87	93	97	100
21
1	12	15	26	28	32	39	40	43	51	55	57	60	66	67	71	73	76	83	88	91
28
5	9	11	12	13	14	17	22	23	28	30	33	39	51	57	65	68	70	71	75	77	78	81	85	92	93	96	97
19
17	21	23	24	33	40	41	42	47	55	57	68	71	73	75	76	82	83	92
21
1	4	5	7	8	12	19	26	32	33	41	55	65	70	71	72	73	76	78	92	97
23
1	8	12	14	15	22	25	31	34	43	46	47	48	49	66	68	78	81	83	85	90	92	97
30
8	11	14	18	20	23	28	30	32	34	38	41	44	48	51	52	55	57	58	65	66	68	71	72	78	79	85	89	92	96
21
1	4	12	18	20	23	25	27	35	42	46	49	50	51	55	61	65	68	75	89	97
22
2	8	11	15	16	22	23	33	37	38	40	51	57	65	66	73	74	76	92	98	99	100
22
2	5	6	7	11	17	22	27	28	34	41	44	50	65	71	72	73	76	78	82	92	98
26
2	8	11	12	15	17	22	23	25	30	34	36	48	49	55	67	70	71	78	79	80	82	83	87	89	94
32
2	7	8	14	15	18	20	22	23	30	31	32	35	37	39	40	41	52	55	58	61	68	71	73	78	83	84	85	88	93	94	100
27
1	2	3	15	17	22	26	37	40	41	48	51	52	55	66	67	68	71	75	77	78	80	81	92	93	96	97
22
1	15	22	23	28	40	41	46	47	51	60	65	70	71	75	77	81	82	83	89	92	93
24
2	5	8	13	15	18	22	30	36	39	40	41	43	46	50	55	57	60	70	73	78	87	97	99
24
2	5	7	12	17	18	20	26	34	36	39	45	46	47	58	60	63	71	73	76	81	88	89	97
18
2	8	14	18	22	31	33	50	60	65	66	77	78	81	91	92	94	97
33
8	11	12	14	16	21	22	26	28	30	35	39	49	54	55	57	58	61	64	65	70	71	72	73	75	77	81	86	88	90	96	97	99
25
1	2	5	6	7	11	15	18	28	32	36	37	48	52	55	57	60	68	70	78	85	87	89	92	93
33
1	2	3	5	7	12	14	20	31	32	33	34	40	41	42	47	48	53	63	65	73	76	79	80	85	86	87	88	92	93	94	96	98
30
1	5	6	7	8	15	20	26	28	30	33	34	37	38	39	41	42	47	50	51	59	61	67	78	82	85	87	88	89	98
28
2	4	12	14	17	22	23	27	30	35	37	39	46	50	51	52	55	57	68	73	75	76	77	79	83	86	88	93
27
2	5	12	16	20	26	30	33	39	40	41	46	47	57	64	65	70	71	76	78	79	82	83	85	90	91	97
21
1	2	5	7	8	17	22	27	28	30	34	39	40	41	46	57	60	70	71	88	97
