100	100
40.0	111.0	32.0	55.0	73.0	36.0	107.0	52.0	29.0	77.0	33.0	78.0	64.0	31.0	19.0	35.0	132.0	61.0	61.0	79.0	85.0	54.0	68.0	83.0	116.0	87.0	13.0	113.0	94.0	66.0	103.0	62.0	27.0	26.0	46.0	65.0	97.0	118.0	37.0	135.0	50.0	45.0	87.0	156.0	1.0	9.0	1.0	118.0	14.0	15.0	63.0	122.0	1.0	68.0	97.0	106.0	104.0	20.0	128.0	84.0	73.0	52.0	36.0	33.0	26.0	61.0	100.0	38.0	92.0	27.0	104.0	49.0	10.0	107.0	155.0	12.0	25.0	30.0	59.0	112.0	60.0	23.0	2.0	34.0	83.0	85.0	52.0	82.0	100.0	15.0	117.0	22.0	127.0	77.0	70.0	31.0	31.0	38.0	110.0	19.0
5
3	47	49	91	96
15
5	6	9	11	29	34	48	55	58	59	60	62	71	87	95
10
3	9	17	21	30	45	55	71	95	98
10
28	44	50	55	66	71	83	88	94	98
10
8	31	52	57	59	61	62	70	89	92
17
2	5	6	9	19	20	39	41	45	48	51	52	63	76	78	80	100
8
11	21	24	41	68	80	84	94
4
3	10	13	72
16
5	6	8	9	20	30	39	42	51	57	68	69	72	76	90	91
11
10	12	19	22	27	36	48	49	55	83	86
10
16	17	42	54	63	75	78	81	88	92
8
20	26	53	65	67	71	73	78
11
23	26	45	46	57	65	66	69	74	85	87
12
24	31	34	38	40	41	44	60	75	78	81	98
15
5	8	10	17	20	28	36	39	51	60	64	76	78	85	94
12
6	8	34	43	56	69	72	84	88	96	97	98
13
4	10	12	27	44	47	49	57	60	61	70	85	93
11
24	25	27	28	51	62	63	67	85	87	95
9
4	11	25	29	40	60	67	69	86
10
9	15	36	48	56	68	82	89	91	96
9
2	4	17	42	48	52	55	82	93
10
4	7	13	17	25	34	50	52	71	76
6
60	70	72	80	83	90
11
7	10	47	49	59	62	66	76	80	93	94
13
4	5	12	13	27	44	45	53	64	75	81	85	89
7
6	7	31	41	55	90	95
14
11	13	30	33	43	44	60	62	64	67	78	80	83	91
11
26	43	49	51	54	56	71	72	80	81	86
10
31	37	40	60	64	73	85	86	95	99
13
2	9	17	23	26	32	35	40	44	83	85	94	96
10
1	3	9	28	29	38	64	88	93	98
7
10	14	16	49	57	67	70
9
3	14	20	21	25	28	64	67	74
7
5	7	24	54	62	78	94
10
6	9	17	36	54	59	66	88	90	100
12
6	7	18	22	25	29	52	68	75	81	82	91
11
2	37	39	40	41	78	84	86	89	94	99
16
3	12	15	24	30	38	42	48	55	61	71	73	74	78	79	89
10
10	14	38	43	60	64	73	75	88	94
10
6	10	11	14	28	38	48	58	73	87
16
6	12	15	19	28	38	40	48	59	61	69	70	75	78	97	100
14
12	21	25	27	38	42	44	45	63	68	84	85	87	96
5
31	38	54	67	86
7
6	33	37	51	65	83	86
12
4	9	11	22	29	33	44	48	56	60	71	75
14
18	24	30	35	36	40	46	51	55	65	70	80	95	98
10
9	13	23	38	48	50	52	74	80	84
13
7	10	12	13	25	32	47	58	59	66	78	86	89
6
8	40	43	53	60	91
8
2	7	24	28	33	44	52	63
17
8	10	12	19	20	47	51	71	73	81	85	86	91	92	93	97	98
14
1	2	5	9	18	37	38	39	44	52	61	66	93	99
16
7	25	30	31	33	36	43	50	60	67	73	80	87	89	95	99
8
8	22	38	49	55	72	93	98
11
8	9	10	17	29	52	71	87	91	94	96
7
13	14	56	74	82	87	89
9
3	5	22	31	39	64	81	91	93
10
12	13	24	31	33	37	41	45	67	87
16
5	7	12	20	28	34	49	59	62	64	66	83	86	88	91	99
7
1	32	36	58	70	80	94
10
12	45	48	49	64	69	80	82	85	89
11
6	18	20	21	23	37	51	52	53	78	92
13
1	7	10	20	29	30	31	49	57	71	77	80	91
15
12	19	20	23	33	39	42	45	47	54	64	68	84	86	88
12
10	13	22	29	32	36	37	44	48	56	76	93
8
21	35	59	60	76	78	90	94
12
6	10	11	19	24	45	56	72	75	87	92	95
6
21	30	42	52	86	98
10
7	17	40	54	55	66	67	70	75	93
8
25	40	45	55	59	66	78	84
9
2	11	12	20	25	38	52	75	89
11
14	33	35	36	46	49	52	54	57	75	91
8
6	24	30	43	44	80	90	94
9
33	34	42	44	67	68	80	89	95
11
4	13	17	19	28	41	67	81	90	97	99
16
10	23	24	26	29	31	48	51	53	58	61	62	81	85	93	97
12
8	13	24	28	31	38	56	57	59	61	74	77
3
20	32	76
9
5	30	44	53	56	74	79	86	93
12
8	13	23	28	32	43	49	54	61	72	74	93
9
10	33	34	40	60	67	73	81	90
16
9	14	25	37	44	51	52	56	59	62	66	69	71	82	94	99
10
7	16	31	38	44	63	66	69	75	77
12
3	7	11	15	33	43	56	69	71	93	94	97
12
3	14	23	51	59	60	65	68	75	76	84	85
9
40	51	54	55	57	66	73	96	100
11
5	25	28	31	48	57	70	73	80	88	92
12
1	3	23	37	40	44	49	59	60	61	71	96
14
16	17	21	22	29	30	32	55	65	66	67	79	86	89
12
14	25	30	40	52	64	67	69	77	79	82	94
10
9	18	36	54	83	84	88	91	99	100
8
12	17	37	43	59	61	67	86
7
22	25	45	57	66	70	80
13
7	10	19	21	41	43	44	54	59	68	71	86	91
9
3	20	25	40	59	62	71	75	91
13
17	19	29	33	43	52	66	70	71	75	82	89	98
6
5	47	48	59	79	94
11
2	3	6	14	16	22	64	66	75	86	94
9
6	43	54	56	71	81	91	94	99
8
20	30	43	63	81	87	91	99
