100	50
102.0	28.0	6.0	1.0	25.0	9.0	28.0	48.0	80.0	44.0	72.0	96.0	2.0	35.0	70.0	2.0	53.0	34.0	115.0	31.0	56.0	57.0	119.0	93.0	108.0	47.0	71.0	61.0	58.0	117.0	76.0	88.0	0.0	90.0	57.0	33.0	5.0	55.0	136.0	71.0	1.0	48.0	24.0	11.0	18.0	66.0	69.0	67.0	75.0	87.0
6
16	25	29	31	39	46
2
30	40
1
24
2
30	40
2
20	32
1
12
1
8
7
18	26	31	32	35	37	40
3
10	22	47
2
7	19
6
7	11	17	19	32	46
4
9	12	15	49
3
1	5	20
1
48
2
12	46
3
15	30	36
4
17	23	49	50
1
34
3
36	42	49
2
17	34
2
23	48
3
27	31	48
1
11
5
8	12	35	36	43
3
7	40	49
4
13	25	30	34
3
11	29	39
1
19
3
15	25	42
4
3	32	47	50
3
23	47	48
1
47
1
46
0
6
11	30	38	40	47	48
3
12	17	24
2
1	4
3
21	41	47
3
17	19	39
1
35
3
1	27	38
2
21	48
1
11
2
15	45
3
23	25	40
3
9	32	36
2
9	40
1
35
1
24
3
11	24	44
1
26
4
2	23	44	46
1
34
2
36	39
6
5	8	9	27	43	50
2
23	42
0
0
2
31	46
2
19	27
4
7	25	39	40
5
12	14	22	29	50
6
6	15	25	27	34	47
1
19
1
31
2
29	49
1
43
0
3
19	34	49
3
15	25	50
4
12	19	24	32
4
24	30	34	50
3
10	23	24
2
2	28
7
11	12	19	26	27	38	46
3
29	30	38
3
39	42	48
2
23	46
3
12	14	38
1
16
2
46	50
3
14	34	43
4
10	30	48	50
2
1	49
6
11	15	25	28	38	49
3
23	32	33
2
21	24
3
1	19	35
5
29	32	35	46	48
2
11	35
3
9	18	32
1
8
1
42
2
21	35
4
15	31	37	48
1
1
2
23	38
2
1	17
5
28	29	36	38	39
2
9	39
